2011/05/13 13:21:3200 000000.0 0000000.0 0.0 -1023.3 59.85096 -7.06929
2011/05/13 13:23:0300 000000.0 0000000.0 0.0 -1011.6 59.85101 -7.06934
2011/05/13 13:23:3700 000000.0 0000000.0 0.0 -1012.1 59.85101 -7.06934
2011/05/13 13:24:1400 000000.0 0000000.0 0.0 -1011.6 59.85101 -7.06935
2011/05/13 13:25:1700 000000.0 0000000.0 0.0 -1011.2 59.85100 -7.06933
2011/05/13 13:26:1600 000000.0 0000000.0 0.0 -1011.3 59.85100 -7.06924
2011/05/13 13:27:1700 000000.0 0000000.0 0.0 -1010.8 59.85097 -7.06917
2011/05/13 13:29:1800 000000.0 0000000.0 0.0 -1011.7 59.85091 -7.06903
2011/05/13 13:30:2700 000000.0 0000000.0 0.0 -1011.1 59.85089 -7.06899
2011/05/13 13:31:2200 000000.0 0000000.0 0.0 -1012.6 59.85089 -7.06898
2011/05/13 13:32:2200 000000.0 0000000.0 0.0 -1010.8 59.85091 -7.06900
2011/05/13 13:33:2400 000000.0 0000000.0 0.0 -1011.6 59.85095 -7.06907
2011/05/13 13:33:5200 000000.0 0000000.0 0.0 -506.0 59.85093 -7.06985
2011/05/13 13:35:2300 000000.0 0000000.0 0.0 -552.2 59.85102 -7.06972
2011/05/13 13:36:2200 000000.0 0000000.0 0.0 -1010.3 59.85106 -7.06934
2011/05/13 13:37:2200 000000.0 0000000.0 0.0 -1012.1 59.85112 -7.06948
2011/05/13 13:38:2200 000000.0 0000000.0 0.0 -1011.5 59.85117 -7.06957
2011/05/13 13:39:2300 000000.0 0000000.0 0.0 -677.5 59.85119 -7.07009
2011/05/13 13:40:5200 000000.0 0000000.0 0.0 -1010.6 59.85130 -7.06985
2011/05/13 13:41:5300 000000.0 0000000.0 0.0 -1010.9 59.85135 -7.06996
2011/05/13 13:42:3400 000000.0 0000000.0 0.0 -1011.9 59.85139 -7.07004
2011/05/13 13:43:2300 000000.0 0000000.0 0.0 -1011.4 59.85143 -7.07009
2011/05/13 13:44:2100 000000.0 0000000.0 0.0 -1011.6 59.85149 -7.07019
2011/05/13 13:45:2200 000000.0 0000000.0 0.0 -1011.0 59.85155 -7.07031
2011/05/13 13:46:2500 000000.0 0000000.0 0.0 -1011.1 59.85160 -7.07045
2011/05/13 13:47:2200 000000.0 0000000.0 0.0 -1011.6 59.85165 -7.07054
2011/05/13 13:48:2200 000000.0 0000000.0 0.0 -1011.0 59.85170 -7.07068
2011/05/13 13:48:5200 000000.0 0000000.0 0.0 -1010.5 59.85173 -7.07075
2011/05/13 13:50:2200 000000.0 0000000.0 0.0 -1010.7 59.85180 -7.07092
2011/05/13 13:51:0900 000000.0 0000000.0 0.0 -1011.3 59.85186 -7.07103
2011/05/13 13:51:5600 000000.0 0000000.0 0.0 -1011.3 59.85189 -7.07112
2011/05/13 13:53:2200 000000.0 0000000.0 0.0 -1011.0 59.85195 -7.07130
2011/05/13 13:54:2200 000000.0 0000000.0 0.0 -1009.7 59.85202 -7.07139
2011/05/13 13:55:2300 000000.0 0000000.0 0.0 -1011.8 59.85206 -7.07163
2011/05/13 13:56:5200 000000.0 0000000.0 0.0 -1010.7 59.85216 -7.07175
2011/05/13 13:57:0900 000000.0 0000000.0 0.0 -1010.9 59.85218 -7.07181
2011/05/13 13:57:5100 000000.0 0000000.0 0.0 -1010.7 59.85221 -7.07188
2011/05/13 13:59:2200 000000.0 0000000.0 0.0 -1011.3 59.85229 -7.07208
2011/05/13 13:59:5200 000000.0 0000000.0 0.0 -1009.7 59.85232 -7.07214
2011/05/13 14:00:2200 000000.0 0000000.0 0.0 -1011.7 59.85232 -7.07228
2011/05/13 14:01:2200 000000.0 0000000.0 0.0 -1010.9 59.85240 -7.07229
2011/05/13 14:02:2500 000000.0 0000000.0 0.0 -372.7 59.85248 -7.07359
2011/05/13 14:03:3500 000000.0 0000000.0 0.0 -1010.9 59.85252 -7.07258
2011/05/13 14:04:2200 000000.0 0000000.0 0.0 -1009.8 59.85255 -7.07263
2011/05/13 14:05:5200 000000.0 0000000.0 0.0 -1010.6 59.85263 -7.07285
2011/05/13 14:06:5300 000000.0 0000000.0 0.0 -1011.2 59.85268 -7.07299
2011/05/13 14:08:2200 000000.0 0000000.0 0.0 -1010.9 59.85276 -7.07315
2011/05/13 14:08:5100 000000.0 0000000.0 0.0 -1011.2 59.85277 -7.07323
2011/05/13 14:09:4000 000000.0 0000000.0 0.0 -1011.1 59.85283 -7.07334
2011/05/13 14:10:5200 000000.0 0000000.0 0.0 -1010.7 59.85286 -7.07346
2011/05/13 14:12:1900 000000.0 0000000.0 0.0 -142.1 59.85280 -7.07434
2011/05/13 14:13:2300 000000.0 0000000.0 0.0 -1011.4 59.85289 -7.07355
2011/05/13 14:13:5300 000000.0 0000000.0 0.0 -1011.2 59.85290 -7.07360
2011/05/13 14:14:2200 000000.0 0000000.0 0.0 -1011.3 59.85291 -7.07361
2011/05/13 14:15:3800 000000.0 0000000.0 0.0 -1011.2 59.85296 -7.07370
2011/05/13 14:16:2400 000000.0 0000000.0 0.0 -1011.5 59.85298 -7.07378
2011/05/13 14:17:2200 000000.0 0000000.0 0.0 -1011.7 59.85302 -7.07387
2011/05/13 14:18:2300 000000.0 0000000.0 0.0 -1010.5 59.85308 -7.07397
2011/05/13 14:21:3300 000000.0 0000000.0 0.0 -1011.1 59.85315 -7.07421
2011/05/13 14:22:5700 000000.0 0000000.0 0.0 -437.3 59.85306 -7.07501
2011/05/13 14:23:0500 000000.0 0000000.0 0.0 -1011.3 59.85313 -7.07422
2011/05/13 14:26:0200 000000.0 0000000.0 0.0 -1012.0 59.85315 -7.07429
2011/05/13 14:32:3300 000000.0 0000000.0 0.0 -1011.7 59.85317 -7.07426
2011/05/13 14:32:4700 000000.0 0000000.0 0.0 -1011.7 59.85317 -7.07425
2011/05/13 14:33:4000 000000.0 0000000.0 0.0 -1012.8 59.85315 -7.07424
2011/05/13 14:34:3000 000000.0 0000000.0 0.0 -1012.2 59.85316 -7.07424
2011/05/13 14:37:0400 000000.0 0000000.0 0.0 -1026.7 59.85314 -7.07463
2011/05/13 14:37:4700 000000.0 0000000.0 0.0 -1010.9 59.85317 -7.07423
2011/05/13 14:39:2400 000000.0 0000000.0 0.0 -1022.8 59.85314 -7.07449
2011/05/13 14:42:3600 000000.0 0000000.0 0.0 -1012.1 59.85316 -7.07423
2011/05/13 14:42:5300 000000.0 0000000.0 0.0 -1011.0 59.85318 -7.07423
2011/05/13 14:43:2500 000000.0 0000000.0 0.0 -1027.6 59.85313 -7.07460
2011/05/13 14:44:0500 000000.0 0000000.0 0.0 -1025.7 59.85310 -7.07499
2011/05/13 14:45:1400 000000.0 0000000.0 0.0 -1044.1 59.85310 -7.07501
2011/05/13 14:45:4500 000000.0 0000000.0 0.0 -1011.4 59.85317 -7.07422
2011/05/13 14:46:3500 000000.0 0000000.0 0.0 -1027.9 59.85314 -7.07462
